# COMPONENTS
ledLight, 0.0, 488.2354, 311.02948, 4.0, false
resistor, 220.0, 386.7648, 428.67657, 4.0, false
battery, 9.0, 590.9724, 422.22235, 4.0, false
# TRACKS
386.00003, 344.00003, 386.00003, 390.0109, false
384.55893, 341.17654, 482.39728, 341.17654, false
385.29422, 465.44128, 385.29422, 522.79895, false
385.29422, 522.05896, 585.328, 522.05896, false
496.32367, 342.64716, 588.97076, 342.64716, false
588.2354, 461.02954, 588.2354, 522.0988, false
587.9033, 344.3549, 587.9033, 389.5234, false
